8.054326797184224729e-02
2.799864111954643645e-02
2.011357000247676260e-02
8.790816893163645382e-03
1.001023145869427838e-02
1.326504378618262488e-02
6.994879077651703497e-03
5.410003337795043707e-03
5.904183479187472168e-03
4.992755441680329226e-03
4.214826757121752955e-03
4.811746648452094530e-03
4.100327036645035929e-03
5.744600311705814685e-03
4.224276605010579728e-03
4.626106716328806656e-03
3.355175037684350169e-03
5.183013691722184943e-03
6.136716543799557860e-03
6.826928042576840827e-03
3.467239846516994954e-03
2.878607852860383051e-03
3.235651304758511808e-03
3.365837724778080429e-03
3.064101996744149955e-03
4.344965767625694891e-03
2.948144010233268858e-03
3.356948893554527902e-03
3.294347090600751281e-03
2.367533701761081327e-03
2.956173050333446919e-03
5.854772099268920615e-03
2.564639885961940598e-03
2.477308975417012032e-03
3.342437595721542594e-03
2.463332053728826011e-03
2.984192798735087280e-03
2.261029851571272169e-03
3.400918116660195129e-03
2.391313027620139628e-03
3.094167299516089979e-03
3.282330881922733597e-03
2.452001462151999489e-03
2.413939791093611554e-03
2.157136124332725575e-03
1.804329053591506799e-03
2.058113662701858970e-03
1.874614652607488590e-03
2.919165891796597113e-03
2.098424703106398833e-03
