9.783181889293254274e-01
5.331873921139415051e-01
2.605491195705501029e-01
1.118938569306348607e-01
4.429202816936986947e-02
2.762487621231529342e-02
2.106245657177751793e-02
1.740022170462054638e-02
1.498811615047056060e-02
1.367037202450917428e-02
1.176177279554448986e-02
1.079311191332285244e-02
1.032462685826254084e-02
9.594100740298115715e-03
8.861533044839805043e-03
7.880437571226616908e-03
7.770613635918378719e-03
7.613625862908522147e-03
7.111760071182996953e-03
6.527545381449220349e-03
6.826747738574180310e-03
6.132635236763155952e-03
5.913087128331381143e-03
5.810871021129217738e-03
6.284474735967757186e-03
6.172245221710422405e-03
5.379325783204167225e-03
5.186447721374162940e-03
5.406532826675259848e-03
4.999750319451643811e-03
4.729673095126796407e-03
4.708609581108335815e-03
4.391677480890081309e-03
4.445041386193651980e-03
4.754035317436005638e-03
4.764452458836191881e-03
4.306297832139489856e-03
4.424418192863341891e-03
3.985345550168165746e-03
4.193302565634158749e-03
3.753191140552494462e-03
3.851241703355936033e-03
3.888561063756226874e-03
3.725889527892121533e-03
4.061154338778242417e-03
3.438811134088262580e-03
3.666562814274568725e-03
3.424682537750319607e-03
3.537499335350295648e-03
3.263038333281760052e-03
3.312183931955409340e-03
3.252569812227168629e-03
3.197088916587708784e-03
3.248591360666159590e-03
3.209831868573113402e-03
3.223855259578355635e-03
2.919365741453946138e-03
3.051541050814336742e-03
3.200411245756313965e-03
2.748479460222238643e-03
3.312148880454811491e-03
2.750235629887279667e-03
2.868069252732753129e-03
2.866482088631884008e-03
2.797912459630803959e-03
2.691716534692914324e-03
2.647663922772564710e-03
3.167039734261705656e-03
2.947096670597883390e-03
2.499496636603060120e-03
2.515239760484173741e-03
2.980533008761856745e-03
2.600456843217868481e-03
2.858730440881923282e-03
2.476048676008927446e-03
2.398928261437038075e-03
2.361360838227719288e-03
2.735526009420723159e-03
2.257910701472516917e-03
2.264070142026590980e-03
2.562404975554059740e-03
2.576654848966149387e-03
2.115376020832825457e-03
2.283643305303099773e-03
2.311882159441877582e-03
2.355727995064906509e-03
2.127079604795176649e-03
2.068155932036147820e-03
2.091164991599801359e-03
2.979930653314456345e-03
2.308150572275093765e-03
2.218662902534585413e-03
1.944518605918036129e-03
2.023581717688477648e-03
2.048651861306901092e-03
1.877923248686458237e-03
1.939059688966279782e-03
1.999709484697328836e-03
2.195795326340291981e-03
2.072140903022425158e-03
2.159016057963613656e-03
1.905452617739884823e-03
1.870399292366337323e-03
2.011065590713820989e-03
1.770125507731172207e-03
1.727548296902120485e-03
1.911055593569311369e-03
1.799329456487616056e-03
1.780154071308637969e-03
1.770267709470872523e-03
1.880024117393741317e-03
1.964714105507160951e-03
1.761993672913767135e-03
1.619930383739749289e-03
1.732042610617579113e-03
1.799364235090152118e-03
1.734827920123590802e-03
2.226945612063032341e-03
1.688530994495572850e-03
1.890387075782116576e-03
1.644405987619753599e-03
1.632864570302249366e-03
1.652783717245261130e-03
1.663191614408770450e-03
1.561060622599685097e-03
1.566720531817110927e-03
1.644648820280803208e-03
1.645001732665909815e-03
1.590325171844685038e-03
1.558366635400494204e-03
1.511393083565762798e-03
1.632814289939390432e-03
1.573196442734704379e-03
1.560217009801388895e-03
1.573468788370218675e-03
1.642986542123320553e-03
1.892771249292480445e-03
1.472022391955108691e-03
1.479146677458093940e-03
1.524652212994625231e-03
1.560028862535930679e-03
1.603394992465106582e-03
1.566441593120202489e-03
1.657880217794055608e-03
1.382459770374883188e-03
1.430810261470575901e-03
1.656177296073129551e-03
1.361860234226807765e-03
1.666175467181968016e-03
1.448055096219110762e-03
1.490146778390125061e-03
1.437236318052227940e-03
1.531788953049552761e-03
1.724534935347560045e-03
1.490438480674169267e-03
1.394203681787385121e-03
1.653741141431188397e-03
1.417718464250615701e-03
1.401574099450737625e-03
1.411768733194072173e-03
1.342092044871317624e-03
1.406346072130795852e-03
1.391852528799139739e-03
1.315490231481789354e-03
1.848469209475485722e-03
1.312726112264182279e-03
1.309917146197136497e-03
1.373254363398794531e-03
1.359837573022128253e-03
1.445890573686511513e-03
1.382642660290958527e-03
1.281942135624285564e-03
1.312732497940251796e-03
1.442903854390591850e-03
1.267911476420459328e-03
1.833208189957539515e-03
1.363912354731858798e-03
1.281122310854505971e-03
1.250114811528445441e-03
1.369712426455709647e-03
1.327139538439949277e-03
1.289383873029044739e-03
1.261314037177098130e-03
1.301985387434717416e-03
1.529903590606058192e-03
1.286983432588939286e-03
1.363523548080458354e-03
1.213838777606642558e-03
1.193983491157502280e-03
1.274322934416225427e-03
1.460343556050469139e-03
1.251749784373637573e-03
1.303429134160694969e-03
1.174711661696196908e-03
1.204842645383457636e-03
1.236124683600138855e-03
1.303701551640411077e-03
1.313120635821765549e-03
1.288809802066850137e-03
1.260161741525355318e-03
1.150506358645548731e-03
1.187732080432498923e-03
1.213134655967501065e-03
1.165753657551622802e-03
1.198414190201181487e-03
1.150479115602613461e-03
1.267169086165103112e-03
1.301998859978619741e-03
1.097108432018423056e-03
1.172689994513508634e-03
1.132703476990183557e-03
1.157843708384422715e-03
1.075334208976838710e-03
1.178246162107368092e-03
1.191705269782038007e-03
1.147527425091669729e-03
1.063281777190601711e-03
1.136252644316285143e-03
1.176487105939653900e-03
1.092341911762555141e-03
1.112189217496390011e-03
1.250057967832209722e-03
1.281077981518658924e-03
1.154139241872172887e-03
1.171012164732434645e-03
1.062975598556759353e-03
1.164826351777483544e-03
1.183938715226323310e-03
1.154791420431240884e-03
1.034913504455121924e-03
1.092733048810970052e-03
1.087105368431743550e-03
1.154382477513012225e-03
1.194787869871899444e-03
1.131212116481202000e-03
1.121889742085564051e-03
1.124686252047666550e-03
1.086386756779384117e-03
1.120242038087058273e-03
1.088915714281365153e-03
1.139304271861891777e-03
1.037752849354254322e-03
1.304944343987963270e-03
9.959706024535806140e-04
1.023230840451537548e-03
1.074050849652669840e-03
1.098412488768304475e-03
1.091430319739307734e-03
1.175551225511063756e-03
1.103514403412037383e-03
