1.041511717583963215e+00
1.046797092392727224e+00
1.034847705492060843e+00
1.042816388527511462e+00
1.039073738726424612e+00
1.026635613363176880e+00
1.043242989300825263e+00
1.037803913275971768e+00
1.035965940431180954e+00
1.037709461229773478e+00
1.019446198808162229e+00
1.032498885644528075e+00
1.033368681112028176e+00
1.041863069441332001e+00
1.024520574012372620e+00
1.023987629592204573e+00
1.028160804372496795e+00
1.019387342325536405e+00
1.010722067228887910e+00
1.017355126757203410e+00
1.016506646491736277e+00
1.012158881572040370e+00
1.003183521546725521e+00
1.014432595276477889e+00
1.009333307991399753e+00
1.011338891372612236e+00
1.007473907463363405e+00
9.958886590720813503e-01
9.892888007499182068e-01
9.827322979778311263e-01
9.841463220309085713e-01
9.682318129926048567e-01
9.531598689924331014e-01
9.266993784794383959e-01
8.727932245502598718e-01
7.706504801012051820e-01
5.720701133458659937e-01
2.948148805370937597e-01
2.020242026749484165e-01
1.933723268278321472e-01
1.815551789013956641e-01
1.665318372403737368e-01
1.552064168447100101e-01
1.415818562674761028e-01
1.447863321921469548e-01
1.233389428559176493e-01
1.365703512497318806e-01
1.143870679215323038e-01
1.462928852204972985e-01
1.176028506473861257e-01
1.040170143251849671e-01
1.108994868442056830e-01
7.628539198175217362e-02
1.186259938374337602e-01
9.350266992594720439e-02
7.854687117074561631e-02
7.758692650725561302e-02
9.504224536734981466e-02
6.130906870276148918e-02
8.867274911604963727e-02
6.909174263771679370e-02
6.337824295833516253e-02
7.769313588577884955e-02
6.428877831636911622e-02
5.439420336080459661e-02
6.563409372682507681e-02
5.970663868517769174e-02
5.628463328343406846e-02
5.235826491338586158e-02
7.252411307769900117e-02
5.776567427664153903e-02
4.850389969679959334e-02
6.465917520144770503e-02
5.472909852273651066e-02
5.870742166482711272e-02
5.032754886098370767e-02
7.214740503401619043e-02
4.334158793974834251e-02
5.157741437536621926e-02
4.945096818069851657e-02
4.305029372360200113e-02
4.978588684502627953e-02
5.010508791686419522e-02
5.042542491553531764e-02
4.421592143413469178e-02
4.866759495407327329e-02
4.183130866942068316e-02
3.901283724807879522e-02
4.543814707706071016e-02
4.087604478941996022e-02
4.617369975961588269e-02
4.059003959211586465e-02
4.068350037755783660e-02
3.932218185930358434e-02
5.027788443832045123e-02
4.164495780765857524e-02
4.379064753601923099e-02
4.147526441154387317e-02
3.806602381525314022e-02
3.801724862339803807e-02
4.269929673654596081e-02
4.559460316310178646e-02
3.709695741664207486e-02
3.535481559704242022e-02
4.314671430130870983e-02
3.388976578401442508e-02
3.680071610137399668e-02
3.696921337252552509e-02
4.051728338545992208e-02
4.386631931675710055e-02
3.516259742045384218e-02
3.765200232315699808e-02
3.628138549446203315e-02
3.911565512594594729e-02
3.232117556436909372e-02
3.763934818176259411e-02
2.872473710546773543e-02
2.955222880919815276e-02
3.031015612792821792e-02
3.366160369824604953e-02
3.283454528400505529e-02
4.068792314866434556e-02
3.555268525022185766e-02
3.287376068138721241e-02
3.089655276298094652e-02
3.130744079203407609e-02
3.497690519823545841e-02
2.946521795926765677e-02
3.216930495994619471e-02
2.963492267690082810e-02
3.438822222312577087e-02
3.379236661268540665e-02
2.610765421613018764e-02
3.257284891720442499e-02
2.685189828125634712e-02
3.356398793808033909e-02
3.089240707682609083e-02
2.939187317662296517e-02
3.018140236117431222e-02
2.840928681722324628e-02
2.764611029820664839e-02
2.768976218623800736e-02
3.253681568487171161e-02
2.438500941491634696e-02
2.535607873888857250e-02
2.935723761988258060e-02
2.450614200776902660e-02
2.658075661311980198e-02
2.699884416286060795e-02
3.000172077768456860e-02
2.504569858354657383e-02
2.352103467260402772e-02
2.724353748255659360e-02
2.426067825775687220e-02
2.516966127795767019e-02
2.432573502410247113e-02
2.313840989235610782e-02
2.503723379419500045e-02
2.300010353839048935e-02
2.435321208240589369e-02
2.883463422760650444e-02
2.223237233476310984e-02
2.530418015250017819e-02
2.288202047692071764e-02
2.160393561711061727e-02
3.569266491207848807e-02
2.359933488877569499e-02
2.790926913838315607e-02
2.190103126128799954e-02
2.566757417810060921e-02
2.333379202412910747e-02
2.128726580529533355e-02
2.435939129826164909e-02
2.272560375519460177e-02
2.144530659102824796e-02
2.347667435334165054e-02
2.484864338251904087e-02
1.916264273214792965e-02
2.048596506904888995e-02
1.897054664282201916e-02
2.214530454618830399e-02
2.111912359980022344e-02
2.291443762930923250e-02
1.933586307370766671e-02
2.118963770178448197e-02
1.825366489935175210e-02
2.274848936539451000e-02
1.873162997262471305e-02
2.335712702862685272e-02
2.347444433273566944e-02
1.851704722645956813e-02
2.262262498731488353e-02
1.667733477202056405e-02
2.203197497540005864e-02
2.148367488348695148e-02
1.883355957317835519e-02
1.614174997580241147e-02
2.406818768197814887e-02
2.391096821285138355e-02
2.236503879895664071e-02
1.843158712609646588e-02
1.530909085108216744e-02
2.026340820854782843e-02
1.772269652028682363e-02
1.962621608364843381e-02
1.946446995755964429e-02
1.448703647795213968e-02
1.713246114632299352e-02
1.470804810504872974e-02
1.624287354414389109e-02
1.738327178930153608e-02
1.265213600488397823e-02
1.853913881263101818e-02
1.471991587856477657e-02
1.849887376978970321e-02
1.583527167212541234e-02
1.597428748688984115e-02
1.619073892687913213e-02
1.688388743351336430e-02
1.265037858064523880e-02
2.439185058642627871e-02
1.515622596438494403e-02
1.550915179790412005e-02
1.941342607652792387e-02
1.546128530336258154e-02
1.602391509550421533e-02
2.001099995905586057e-02
1.322224737599438614e-02
1.241867301021327454e-02
1.507617086449254858e-02
1.171193934189563787e-02
1.242896517334441883e-02
1.398577168239820492e-02
1.590518660503145720e-02
1.228709517953761529e-02
1.255929935045001396e-02
1.772894327571302928e-02
1.190650564484133783e-02
1.594148773591049992e-02
1.379354142680909445e-02
1.387072610881479734e-02
1.295062699448365148e-02
1.137516761228266407e-02
1.571394702990187159e-02
1.048253424491460070e-02
1.053452141833357419e-02
1.347828265155291347e-02
1.290067941363252924e-02
1.377117048276195466e-02
1.817266051129477755e-02
