1.555546591635420750e+00
1.013751220482933313e+00
1.010204600407075270e+00
1.011448454783475448e+00
1.010692435047331639e+00
1.002734105705664458e+00
1.007284254643047383e+00
1.006546150347463531e+00
1.003131314936266394e+00
1.003203680907964301e+00
9.937634976048418389e-01
8.728407656491995459e-01
3.947267170882702292e-01
1.973717838518126433e-01
1.315057176613024792e-01
9.907801254566905858e-02
7.645519869244361832e-02
6.016076898317938848e-02
4.952876429265128805e-02
4.364987660396276586e-02
3.895384680122335880e-02
3.370347390588795261e-02
3.106062225959220144e-02
3.010192822011282382e-02
2.892049442959510747e-02
2.650504689195359170e-02
2.647707352138532061e-02
2.416753402259821937e-02
2.532609127253569389e-02
2.239308768492469237e-02
2.203833172714224006e-02
2.210147460590973501e-02
2.031622658640895585e-02
2.022779319538572929e-02
1.931252204523966134e-02
1.878979340560730377e-02
1.899758652177543222e-02
1.857493422808877831e-02
1.825469122600362898e-02
1.768828642154623640e-02
1.768397200592684154e-02
1.712796309730635347e-02
1.668035266849247217e-02
1.668946684981811521e-02
1.593095082856558001e-02
1.634953567149426135e-02
1.623093848383811919e-02
1.567701959362269651e-02
1.602345800171560766e-02
1.457904539887662845e-02
1.501118529630034518e-02
1.432841853456062395e-02
1.486494944327195096e-02
1.422288845039487368e-02
1.420080279687724323e-02
1.414404743837967791e-02
1.396107366623948465e-02
1.394650169565562689e-02
1.399488095452138328e-02
1.293092354011075341e-02
1.255477441884787597e-02
1.312367563939181685e-02
1.261700157476555555e-02
1.262821701602325104e-02
1.231587255820861329e-02
1.225160022460692645e-02
1.223701196424032377e-02
1.256675099893800329e-02
1.221873061115035831e-02
1.153128830197072685e-02
1.255523403260709776e-02
1.243229437363321983e-02
1.284189860849211696e-02
1.148799925253154476e-02
1.210937842262240806e-02
1.164279491504441148e-02
1.111097496252348368e-02
1.108237504232779946e-02
1.140805118554307634e-02
1.066218831128664876e-02
1.107645016096689070e-02
1.073414820990405312e-02
1.137091998964655064e-02
1.057879969051414570e-02
1.039402367477388830e-02
1.028076351700057262e-02
1.039026116922673638e-02
1.069383226390478898e-02
1.168810913502680779e-02
1.123989569438977806e-02
9.773252874310809149e-03
1.028797259566690929e-02
1.005658322659484967e-02
1.076320562322455321e-02
9.927628036605632561e-03
1.002468118485179936e-02
9.737841785097425124e-03
9.563601603793632847e-03
9.861332375370826867e-03
1.070458826629503216e-02
1.004926412991831441e-02
9.187585451072028536e-03
9.645242068109955227e-03
1.037610034358469289e-02
8.753657012292900830e-03
9.324062074041935058e-03
8.876147249253851096e-03
9.246071904807855180e-03
8.966251389396349969e-03
8.905491014161725366e-03
9.150677943805767336e-03
8.793114161519300850e-03
9.079268197311597330e-03
8.704104669021300866e-03
8.872964100175373750e-03
9.041850017398029779e-03
9.291439238417723359e-03
8.470926531091171191e-03
8.559570825534976168e-03
8.156831879426786405e-03
9.089673992405034389e-03
9.034452949955929998e-03
8.045049843494481157e-03
8.316384745583037599e-03
8.868988083838926645e-03
8.805388983543589385e-03
8.873809985587111787e-03
8.115274465001121387e-03
8.100657582974941581e-03
9.073615999698348561e-03
7.546446864144840810e-03
7.714171798420967931e-03
7.630424965373701351e-03
7.766089277564638266e-03
7.897619881345605691e-03
8.640628928971357328e-03
7.621663584473760931e-03
7.841796069675955813e-03
7.702568500064286769e-03
7.275998641069253772e-03
7.196424607657710484e-03
9.099053357058363087e-03
6.898222795246563774e-03
7.792179344490499267e-03
7.275421172141523923e-03
8.425338963106878201e-03
6.884616079299173651e-03
7.653576193884848756e-03
7.336107616419361432e-03
7.150911271100001201e-03
8.481041467311352736e-03
7.324359997086276296e-03
7.666295938138368259e-03
7.493081438537206942e-03
7.086725364711083698e-03
7.549553450145373747e-03
6.820973823169077313e-03
6.671863370883221803e-03
7.051961829101216321e-03
7.286735783054423300e-03
6.750126023145594338e-03
7.147681205010202737e-03
6.369886611334562784e-03
6.474847646392862567e-03
7.629179271256284617e-03
6.963969537440693053e-03
6.794286435044701727e-03
6.998673113987132627e-03
6.354732855890670926e-03
6.871014604179629011e-03
6.584076375259480945e-03
6.481946979349755521e-03
7.008552808446447298e-03
6.483615719053364458e-03
7.681839212607028539e-03
6.542646771668623150e-03
6.339805209966210657e-03
6.899494064394566008e-03
6.819197848982050392e-03
6.522156572014307756e-03
6.124920503314242558e-03
6.797666410428628535e-03
8.225765590889980508e-03
6.457421816302499201e-03
5.929545976370649736e-03
7.170011475395550622e-03
6.146095925392540231e-03
5.615827186380046264e-03
7.067826500601144882e-03
5.997136543280784209e-03
6.297583081757123467e-03
6.388362613518561335e-03
5.985278232341365891e-03
6.368715249397636710e-03
5.701115100609646137e-03
5.836295466650260125e-03
6.114097989535579106e-03
5.623273053500379287e-03
5.865267643730335927e-03
5.856122788789181605e-03
7.459155920933093105e-03
5.541613071596869847e-03
5.544616773833504694e-03
5.870511926870206586e-03
5.444520522146010025e-03
5.212804398739785683e-03
5.323996298419375259e-03
5.724699321604802445e-03
6.956952899477500916e-03
6.138960587093965186e-03
5.832167141131861486e-03
5.675644365417890046e-03
5.553910836554478911e-03
5.641488250193992318e-03
5.776258498638593350e-03
6.118423533241234592e-03
5.710170207198245196e-03
5.490125133835157580e-03
6.115452184214263155e-03
5.414829446550453208e-03
6.024122210683013380e-03
5.272069491224775153e-03
5.671484627330407313e-03
5.352557723765467672e-03
5.069595672048747038e-03
5.294419720189778335e-03
5.675873506920323108e-03
6.248154469300778481e-03
5.417111107296840311e-03
5.175205024261278312e-03
5.171990708202857910e-03
5.212568910457977128e-03
5.877950265353737956e-03
5.020227743500987709e-03
5.097730569551011358e-03
5.061710505708555408e-03
5.059888671124100970e-03
5.279915606800854831e-03
4.652212837518882559e-03
5.611532078668849885e-03
5.116623815860104132e-03
4.682820287316639962e-03
5.269817466498292677e-03
4.670716920058090582e-03
4.639999405660113693e-03
5.598938024520163162e-03
5.397974187340979363e-03
5.129778802298342114e-03
4.990980222156073814e-03
4.983215110463444855e-03
