1.423224787687019655e-01
8.534070499329275694e-02
6.910259119894884838e-02
6.026372767682867948e-02
5.491718544011668646e-02
5.151151468496618924e-02
4.957272920656228404e-02
4.680837555809960748e-02
4.503952402405521360e-02
4.410444254933900549e-02
4.269375672067905747e-02
4.115861264932393904e-02
3.992971900818041014e-02
3.900794301730599323e-02
3.820252329523958490e-02
3.730687788315403819e-02
3.640228847644768478e-02
3.576886245475297682e-02
3.482836894251371829e-02
3.402747652350541357e-02
3.334051191370997203e-02
3.281549971155046236e-02
3.236627687665209752e-02
3.130706807224795801e-02
3.038884358085871748e-02
2.994805070260523477e-02
2.948140270277865502e-02
2.876998147597032915e-02
2.839230198533550936e-02
2.775644081897494717e-02
2.727987619165642835e-02
2.652535114462189689e-02
2.597779601338338906e-02
2.547979060199212845e-02
2.505345448121436280e-02
2.420575607839442478e-02
2.403471204445048817e-02
2.327399669915605762e-02
2.278849686462032509e-02
2.217897012186599223e-02
2.207818610957795399e-02
2.131691365830099341e-02
2.081907854982679995e-02
2.041283078556675040e-02
1.979706808313031613e-02
1.956915999449724414e-02
1.903062989278718128e-02
1.873717322934126406e-02
1.808546841098688379e-02
1.796566232075564110e-02
1.763195493638423580e-02
1.710360996203431211e-02
1.658994265009633429e-02
1.630717602187147300e-02
1.591901559776422517e-02
1.543123162986606567e-02
1.523059351831338240e-02
1.489536445348950237e-02
1.451478977694824549e-02
1.417972563602041755e-02
1.382663732613429765e-02
1.358841773540186808e-02
1.337731956925268008e-02
1.311004819217524535e-02
1.270625433942380519e-02
1.247442605527258365e-02
1.226270759851887278e-02
1.225648430147886422e-02
1.177901854082032129e-02
1.154726647765682949e-02
1.113278592648553333e-02
1.131695457894246054e-02
1.075751718674610065e-02
1.058673637232462710e-02
1.035953859978758218e-02
1.008199707682833589e-02
1.006767718109941034e-02
9.829545439459410131e-03
9.632840411897162364e-03
9.323535210765006992e-03
9.413284315833254576e-03
9.103178084011320434e-03
9.007317304855863571e-03
8.955845258042422971e-03
8.628801034697512404e-03
8.512282475500366000e-03
8.592127458411738875e-03
8.309484604247231038e-03
8.203654718122279851e-03
8.013201288003502301e-03
8.051487417837146360e-03
7.770473539557837608e-03
7.802613701512716750e-03
7.755845310974038113e-03
7.498032372997258908e-03
7.432597904170305456e-03
7.391187843946447032e-03
7.245974291618693247e-03
7.201268095351094460e-03
7.146165069821493535e-03
6.944302063609251834e-03
6.898223566968450689e-03
6.833216420333238297e-03
6.768458623538465418e-03
6.722149194164221339e-03
6.681804648964159710e-03
6.550372631818041080e-03
6.440895814362582877e-03
6.402959476481681969e-03
6.432120461473714648e-03
6.338051311540804367e-03
6.289445254722349395e-03
6.220384220807230816e-03
6.135177709737562463e-03
6.054481186102664975e-03
6.028151837463804723e-03
5.974487135241265783e-03
5.933744560644267467e-03
5.863533641955694965e-03
5.843586704118885165e-03
5.831924310501658722e-03
5.731821458943459416e-03
5.682962638454530299e-03
5.678002925550497057e-03
5.598814121130691115e-03
5.593400069102912736e-03
5.572741099080407920e-03
5.508590059181921357e-03
5.403137270680386656e-03
5.411202135400750013e-03
5.382270905728704473e-03
5.272083012640415081e-03
5.266337897752785581e-03
5.301179506291772876e-03
5.275517756624931512e-03
5.210942759242132363e-03
5.205625064671995372e-03
5.187349686800015250e-03
5.118727847444454887e-03
5.104445489367165703e-03
5.032789235525578393e-03
5.067018272757545239e-03
4.988232782333248093e-03
5.005024627363333437e-03
4.969714328994532214e-03
4.909720306493544316e-03
4.850588902055055079e-03
4.928989182792607379e-03
4.843637504337260785e-03
4.816330240570150349e-03
4.805725544744604734e-03
4.849494850428334725e-03
4.698273520142588928e-03
4.647846405263922863e-03
4.690853402538443587e-03
4.683214613260856807e-03
4.622840202041257444e-03
4.610914941647760446e-03
4.607177464785546482e-03
4.612135270580824953e-03
4.534348703298685460e-03
4.523273295397488118e-03
4.530400308274332676e-03
4.471353473982321233e-03
4.486227394385084236e-03
4.462804118378719924e-03
4.410653922545808465e-03
4.427841911450785574e-03
4.389321604951940820e-03
4.379881996653779003e-03
4.381742527738993233e-03
4.399401157819166422e-03
4.402753460761436519e-03
4.263464671264800485e-03
4.223737581272257735e-03
4.314076038519003981e-03
4.226960808663735025e-03
4.234098263558912049e-03
4.252442247757526675e-03
4.176038054088985867e-03
4.190590859927416714e-03
4.146230217903707112e-03
4.093520655050652407e-03
4.120008275319003363e-03
4.085207727306229553e-03
4.097294354435723415e-03
4.117882435232507812e-03
4.038253869419834198e-03
4.064380319759425784e-03
4.029057907125027822e-03
4.024024911211940281e-03
4.057804662509682456e-03
4.040367598012242593e-03
4.058053260267721271e-03
4.067923366142318919e-03
3.962890653160920477e-03
3.925501987129724826e-03
3.989687638253111394e-03
3.938894930738609523e-03
3.966386719588180405e-03
3.889391968624542843e-03
3.843611549431235567e-03
3.862698471986938595e-03
3.881500140568380254e-03
3.891203312796773055e-03
3.804345385519345389e-03
3.861255726450647970e-03
3.855377361259632128e-03
3.788597423276491866e-03
3.777056106969737311e-03
3.783078409904368309e-03
3.790039672043696121e-03
3.777610193249918060e-03
3.827360501773789322e-03
3.788433512319175703e-03
3.719257601293586655e-03
3.726345134383901841e-03
3.740311194671888488e-03
3.698688626467126327e-03
3.670557298345836390e-03
3.678110562883252655e-03
3.637874674739143173e-03
3.642388647484314304e-03
3.665654217655182467e-03
3.631498786755070745e-03
3.629146119137187289e-03
3.601253300218562256e-03
3.588543310111580540e-03
3.574772029106871793e-03
3.625853649274149264e-03
3.541064818221033913e-03
3.542980912852059395e-03
3.513537381912819248e-03
3.552766757495911653e-03
3.580655280850433917e-03
3.533685196233123018e-03
3.521218897512955887e-03
3.510814854968864925e-03
3.482235167720276227e-03
3.539163665881828527e-03
3.516624274550377537e-03
3.482426214700860227e-03
3.495438378963671225e-03
3.418658335113552993e-03
3.428803522306078395e-03
3.422583526336306445e-03
3.448338274833955951e-03
3.408682339678037118e-03
3.399631900883916692e-03
3.426864550373932145e-03
