2.057789219037776396e-01
4.494412393983417131e-02
6.519444140258234821e-02
3.618037665808519071e-02
2.375604201867037232e-02
2.882115027703356300e-02
2.040708847124112282e-02
1.533872273226405750e-02
1.079967846494720406e-02
9.579612806691702523e-03
8.956104715958260881e-03
8.556544561973133955e-03
8.237885275216301484e-03
7.774320051834759070e-03
7.291942235395854760e-03
7.026052741183798876e-03
6.779337425899236748e-03
6.562615478035729866e-03
6.324404082989741431e-03
6.114241134436497818e-03
5.952492962926320477e-03
5.811154745230542006e-03
5.681560705274939574e-03
5.519852296125742422e-03
5.376890259462787681e-03
5.275935738592606172e-03
5.178046172457040353e-03
5.097902181575991731e-03
4.966667441798401812e-03
4.872221996593912793e-03
4.802810249724957965e-03
4.701397317739297935e-03
4.619044701871259130e-03
4.517159894062898993e-03
4.460793403476636873e-03
4.392141577720320815e-03
4.316465220337168882e-03
4.271688039776314234e-03
4.203586975230107214e-03
4.154237245556909736e-03
4.091204600332218159e-03
4.037335352172235353e-03
4.001623872006211322e-03
3.929777469379916628e-03
3.909278408446951146e-03
3.904408101411034789e-03
3.822420066028542861e-03
3.775374079218708594e-03
3.692325166191976621e-03
3.716237384292190356e-03
3.645216731957636163e-03
3.584876806098201505e-03
3.550709210543593827e-03
3.510838722176524811e-03
3.462248715859244947e-03
3.452410612885136246e-03
3.403081570543146223e-03
3.380066998758801938e-03
3.342767609421903527e-03
3.307777588777033664e-03
3.282005768572732966e-03
3.245711677768418294e-03
3.230903346904803308e-03
3.199455069770807975e-03
3.186263568893365518e-03
3.127537429879389576e-03
3.137494037893069111e-03
3.117456114643075201e-03
3.082249441990230453e-03
3.042930363151333337e-03
3.016809078641598946e-03
2.997685690387020922e-03
2.965506779631095925e-03
2.966541248689543841e-03
2.932432592283072421e-03
2.900208812374229991e-03
2.876073586073091791e-03
2.871852927005493026e-03
2.837757427644858107e-03
2.828795058684296405e-03
2.812038370794695506e-03
2.787825480923477109e-03
2.777995034983489746e-03
2.753939046421727960e-03
2.718537611950890172e-03
2.719106903326448579e-03
2.701091568218424652e-03
2.691102432987326452e-03
2.660193245653913810e-03
2.651876025093005424e-03
2.637201561097948094e-03
2.632741816795831132e-03
2.616287006056648365e-03
2.585735352945945503e-03
2.566349160465186598e-03
2.548303375051205397e-03
2.543308148748327658e-03
2.518032356167738874e-03
2.519993412940585691e-03
2.498238638622553558e-03
2.512352266207933549e-03
2.474832090034530339e-03
2.460659011193059523e-03
2.446639431729385333e-03
2.439097366632636456e-03
2.426889425849856462e-03
2.402715157648656428e-03
2.401070174865765038e-03
2.386054173116694023e-03
2.378864707678495297e-03
2.388005073623336930e-03
2.349580416067375849e-03
2.350410781518817369e-03
2.315636745187190423e-03
2.309457891574822220e-03
2.298449480637579367e-03
2.292602474580477268e-03
2.287942558916915628e-03
2.271628769194891737e-03
2.266876937822940967e-03
2.244103307132845528e-03
2.240973435678715597e-03
2.230281644312520628e-03
2.215885817780020254e-03
2.204028137561971600e-03
2.195218519134214865e-03
2.181492794903349894e-03
2.178973989611851948e-03
2.172053478210935005e-03
2.174166518895709766e-03
2.155658736941583678e-03
2.145004929708753828e-03
2.128707033067391355e-03
2.124517606934479916e-03
2.109179107721736134e-03
2.110791754879711140e-03
2.104746575575759584e-03
2.088387755809945154e-03
2.084956824633289393e-03
2.075412981317265298e-03
2.061979091423288887e-03
2.048609002740368543e-03
2.037502216698917987e-03
2.046634190281726006e-03
2.032716209563465489e-03
2.027716759922964553e-03
2.024232027008116604e-03
2.023731073146717383e-03
2.004111736065293612e-03
2.001892947990842851e-03
1.990408373336231655e-03
1.980621547721567004e-03
1.970523955747714544e-03
1.958199918223282009e-03
1.953730307683814935e-03
1.947930779737186771e-03
1.951655934494525872e-03
1.946318287043051053e-03
1.938948499085644357e-03
1.927195616035873608e-03
1.915607435113653384e-03
1.904409695172987237e-03
1.903923809217272908e-03
1.894004875292314453e-03
1.881114894518482426e-03
1.877818601430532829e-03
1.868291825699735153e-03
1.863069686581838875e-03
1.862153323609028318e-03
1.849512459964454533e-03
1.841232179806951384e-03
1.845653154712845016e-03
1.832116519630417857e-03
1.825066027123998982e-03
1.821572626446335162e-03
1.815012312556816328e-03
1.812936203112742572e-03
1.803247460136414657e-03
1.805063955504456787e-03
1.795668725228714152e-03
1.789248954617500076e-03
1.776023670407886595e-03
1.773962319033911290e-03
1.772459925476341279e-03
1.768654265587699332e-03
1.765168783839805465e-03
1.752506341979198027e-03
1.747288581660268614e-03
1.740505771958515170e-03
1.746685877193879808e-03
1.739956198710319434e-03
1.738385266190506546e-03
1.726833601212707106e-03
1.719165428755675858e-03
1.713679343167636955e-03
1.713273829418311559e-03
1.700750292169399356e-03
1.697991061332100897e-03
1.688934326983735886e-03
1.679139271253799219e-03
1.680327722565746508e-03
1.679800040092894672e-03
1.676067792781351035e-03
1.662342988691455558e-03
1.662946854479823051e-03
1.658699272430787155e-03
1.651128608043644268e-03
1.653138471728122887e-03
1.644579523179456534e-03
1.643106577107505961e-03
1.637034360156908305e-03
1.628499025294510459e-03
1.627105137399216788e-03
1.620022178744145178e-03
1.614840598276392385e-03
1.616718248942491248e-03
1.610888623854211336e-03
1.606813195916996506e-03
1.600472881122295922e-03
1.594540465856329400e-03
1.597858954866341772e-03
1.593843977212649728e-03
1.594689283940488138e-03
1.580288611735198743e-03
1.572575195828187968e-03
1.574037670637607649e-03
1.563714744103618468e-03
1.560255362862016668e-03
1.560525428680554919e-03
1.556074091703035962e-03
1.555978580158903302e-03
1.545863568480807535e-03
1.543267955298723232e-03
1.543902121653915015e-03
1.539906925985779764e-03
1.532958385908738189e-03
1.526016819258801038e-03
1.526134843310162541e-03
1.522764648641031964e-03
1.516469359511854638e-03
1.516123567951538310e-03
1.513936552360057447e-03
1.505762319631966410e-03
1.508018540446883068e-03
1.506123418684163781e-03
1.497008786426848531e-03
1.495787526410132223e-03
1.489098647703966747e-03
1.485882288732854033e-03
1.483802070060870077e-03
