1.025779906898476979e+00
1.041775892024287220e+00
1.034545561024444282e+00
1.032575238943711726e+00
1.039072310851132830e+00
1.020884464281286652e+00
1.025847368566974005e+00
1.026195597055326481e+00
1.022692022597624595e+00
1.020918567942741273e+00
1.020465562733825937e+00
1.026651084643256828e+00
1.023054212995404999e+00
1.019532905755255792e+00
1.020607474340788245e+00
1.022772877616353826e+00
1.018802971225814868e+00
1.020255409197173613e+00
1.024802989987852353e+00
1.017816597165175807e+00
1.020317469418752232e+00
1.022358397149379039e+00
1.018843118082626731e+00
1.013548618429682024e+00
1.018430994179629234e+00
1.015093597190205088e+00
1.013313501654312221e+00
1.012724242080719872e+00
1.017683913592744238e+00
1.019067594538963117e+00
1.012745273682079006e+00
1.019053674594385894e+00
1.016082041651362289e+00
1.018117199646258353e+00
1.013925373878400649e+00
1.011049087669006585e+00
1.016488769801840997e+00
1.017297694785830986e+00
1.021511899917293187e+00
1.020776345376298133e+00
1.017918581837810255e+00
1.010520913418651912e+00
1.014044444435006076e+00
1.014237262855253840e+00
1.016773039723372296e+00
1.016809744997597020e+00
1.010244857145615738e+00
1.010197487881759892e+00
1.011166733848920085e+00
1.011724195375144131e+00
1.010983359954368055e+00
1.010413800452904187e+00
1.013971761931756532e+00
1.009252228719751399e+00
1.012393660414457441e+00
1.013991734283040236e+00
1.011092869546732720e+00
1.009878490263526496e+00
1.009214092193963630e+00
1.006342757781876651e+00
1.008035225578306049e+00
1.012877154839595395e+00
1.009824178627419355e+00
1.009285938794824533e+00
1.014441110942227997e+00
1.011431704710054724e+00
1.009370177809919333e+00
1.009264596117772195e+00
1.012560720808264980e+00
1.010499204202087276e+00
1.010605560528308411e+00
1.011136273630708793e+00
1.010761915181709547e+00
1.008748660178108603e+00
1.010556344988408517e+00
1.004992729593632284e+00
1.009827670499322982e+00
1.005243053260125974e+00
1.011289488828873484e+00
1.011885746544358033e+00
1.009254788404369885e+00
1.008976893084914117e+00
1.009611414664216111e+00
1.007816316220257580e+00
1.008631476443385244e+00
1.007943582730515875e+00
1.006215733488502684e+00
1.007859992583388875e+00
1.006245746338532587e+00
1.005847394258441385e+00
1.007014452799458892e+00
1.006947894436448276e+00
1.007376204593906976e+00
1.007059816931259233e+00
1.008009994280772537e+00
1.006962914568390710e+00
1.007976209309970894e+00
1.008554799529819856e+00
1.008176936884303210e+00
1.009652264158563018e+00
1.009435982157353529e+00
1.006088802079288413e+00
1.007215595893703242e+00
1.008810649540804683e+00
1.005538391944626797e+00
1.008514795338820047e+00
1.007982283607392837e+00
1.005065671219588452e+00
1.005025284934985885e+00
1.007027797738119679e+00
1.006898896103335828e+00
1.005769261352339461e+00
1.006407926974387079e+00
1.008247397177154614e+00
1.007000438258120578e+00
1.008329977568386049e+00
1.005876551566214472e+00
1.009502805863483621e+00
1.005741863644630696e+00
1.004990937637634474e+00
1.006464671085527840e+00
1.007140531657352511e+00
1.006963920336371610e+00
1.007408336152046946e+00
1.005214061622071497e+00
1.005050175320863604e+00
1.005461273553005741e+00
1.003924617552035548e+00
1.005135281481089660e+00
1.005780593794758593e+00
1.005428723618579268e+00
1.005805704555736479e+00
1.005427669286116155e+00
1.004065309676712925e+00
1.004804534365300261e+00
1.006467459090493621e+00
1.006830761095020677e+00
1.003339093840996954e+00
1.007362704927827091e+00
1.006716162831799100e+00
1.005135598557003851e+00
1.005875117311482603e+00
1.006661711985664898e+00
1.004455304781922020e+00
1.008220313211903862e+00
1.004849907787963126e+00
1.006447101501760422e+00
1.004564365758352729e+00
1.004042700451419856e+00
1.003925474378743354e+00
1.004122419195826010e+00
1.005039551442803436e+00
1.004967456881727284e+00
1.007483604041168546e+00
1.004388795552221936e+00
1.005814925556368866e+00
1.004276247156651092e+00
1.003367629474465783e+00
1.006546506593018142e+00
1.005476566447301545e+00
1.003912517998755582e+00
1.006050130438963741e+00
1.004334231215663342e+00
1.005040854243145931e+00
1.005976497472525155e+00
1.004786450634129968e+00
1.004638570501230621e+00
1.005465950398276354e+00
1.006029759699898385e+00
1.003491855505614927e+00
1.004838636387550554e+00
1.005466582745757176e+00
1.003954366172136847e+00
1.007142478420282927e+00
1.003884832286541018e+00
1.005660822197007365e+00
1.004975668511799203e+00
1.004169639579573392e+00
1.003981581659057598e+00
1.006704739535876358e+00
1.003870642142396186e+00
1.004361551831843835e+00
1.002805177831478600e+00
1.004537095394790303e+00
1.002661574406768175e+00
1.003693331003556066e+00
1.004207211546313205e+00
1.005732300961672099e+00
1.003749263384453583e+00
1.003812343998405465e+00
1.004162033647681085e+00
1.002577272777743334e+00
1.004650122866133977e+00
1.003123693431934527e+00
1.004609703161338574e+00
1.002720568888367136e+00
1.003229501377074451e+00
1.003793842649386425e+00
1.003220195902378542e+00
1.004131655340747553e+00
1.003413034109288837e+00
1.002962555403339895e+00
1.005381223224504739e+00
1.003751719383290553e+00
1.004213544715667927e+00
1.003931316257807627e+00
1.002075417669324731e+00
1.004604490314648046e+00
1.005512186647868234e+00
1.005320840422589734e+00
1.003241572751945032e+00
1.003135483817848783e+00
1.002674401051084407e+00
1.004008687123572274e+00
1.003009665189736221e+00
1.003164437362755068e+00
1.003164740673635702e+00
1.002034833799453128e+00
1.004372715423998974e+00
1.004467696749656414e+00
1.005714572271118934e+00
1.005184720931388442e+00
1.003210555919932911e+00
1.005201588513729982e+00
1.005074458185864383e+00
1.003956244382080198e+00
1.003244813923471312e+00
1.003266099087698926e+00
1.004495950678546023e+00
1.003423505516893854e+00
1.003997345127283891e+00
1.004422241091544654e+00
1.001941211049895530e+00
1.003739465023077981e+00
1.003020247072363702e+00
1.005578352011675225e+00
1.004441359117741905e+00
1.002815298816373657e+00
1.004168523758603992e+00
1.002419130547710813e+00
1.003150301832245184e+00
1.004441630271473151e+00
1.003045717846619445e+00
1.004092583942560069e+00
1.004157166923847821e+00
1.003154345229076982e+00
1.004499797994751642e+00
1.003489895684098965e+00
1.003601062707622171e+00
1.003113417364867255e+00
