1.028322442008967053e-01
2.126329860159254653e-02
1.330768074639611734e-02
7.759280250493289649e-03
7.088972891601095713e-03
5.882830468564078513e-03
5.566572365776304744e-03
6.466063069109888144e-03
4.890362922366939431e-03
4.675628111808593883e-03
3.996319240059468744e-03
3.688075025496634612e-03
3.640383518654078960e-03
4.438228845732977365e-03
6.163502968905092833e-03
7.606212588231638094e-03
3.653258812389675435e-03
3.536655053519297594e-03
3.008632895165434199e-03
3.796730533848134866e-03
4.737702523214334591e-03
5.256232168640618402e-03
3.212422645937989662e-03
2.530022828207528426e-03
2.837720025379044525e-03
2.803777717914013746e-03
5.251759765220527509e-03
3.162337059877610122e-03
2.360298903670932178e-03
2.142204807891107728e-03
3.197941815864300315e-03
3.111069988227115318e-03
3.186382821368282173e-03
2.285681330642374935e-03
2.030231469623092547e-03
1.968673871650435635e-03
2.687336216963112645e-03
2.257727236062166080e-03
1.955402926914585199e-03
2.385742410125278948e-03
2.816481894751119135e-03
6.971093539550915485e-03
2.368164190658396482e-03
2.692167211237725313e-03
1.645549119002409980e-03
1.875047888219731184e-03
1.597698852266942393e-03
2.245642182343386868e-03
2.118916802916803992e-03
1.930424589291023776e-03
2.236346709205094558e-03
1.494097556888277249e-03
2.569268026526323658e-03
2.519082138290950918e-03
2.601177068264737269e-03
2.992155157058777257e-03
1.495734285830824586e-03
1.479471758129376115e-03
2.024602001411539200e-03
2.096314074416879506e-03
1.485973337866851492e-03
1.561019629999333812e-03
2.008261400733186985e-03
1.494189743218984553e-03
1.682056066161523224e-03
1.529104004374176248e-03
1.402181361191712564e-03
1.781835259531379520e-03
2.025592619443423309e-03
2.001328804460198677e-03
1.570687488843426540e-03
1.311250557174945420e-03
1.448122970879330311e-03
1.469331641627495645e-03
1.886683978711858412e-03
1.868762621989835879e-03
1.497866599708260306e-03
2.051303480795296352e-03
1.548930208197292534e-03
2.243288555466835255e-03
1.981565845348256475e-03
1.101058636187050551e-03
1.072114146337975905e-03
1.451076706871390343e-03
1.409341152585381549e-03
1.205769054251906985e-03
1.106960721456829539e-03
1.897463925625305194e-03
1.396324241749145227e-03
1.221259898939033818e-03
1.452953010231730494e-03
1.726194612658929137e-03
1.331071059036524010e-03
1.179641069478932092e-03
1.086445020533488440e-03
9.698235077650623924e-04
1.377013333719042049e-03
1.351035533715641557e-03
1.201635005197207191e-03
1.215129379713941185e-03
