1.804876411695601135e+01
6.181981028303725617e-02
4.332549017249559542e-02
2.216721154556343387e-02
1.891129323777829968e-02
1.802231286943394711e-02
1.258509613472247671e-02
1.455269156185372108e-02
1.048742505015013045e-02
1.661748032268612826e-02
9.642458353870156720e-03
1.490603484186592796e-02
9.115939714318441189e-03
8.656657325259657643e-03
1.078516159726525606e-02
6.503578034942045227e-03
7.336646569830644095e-03
7.894041341920123370e-03
7.159841432355118843e-03
6.631813198662510345e-03
